
**************************************************
All knownplanet from Stephen Kane's list in sector 2:

pl_hostname  is_transiting       Tmag  total_sectors_obsd
                WASP-18              1    8.83300                   2
                WASP-99              1    8.92300                   1
               WASP-117              1    9.63200                   2
                WASP-62              1    9.71600                  10
               WASP-100              1   10.30700                  12
                WASP-72              1   10.45200                   2
               WASP-126              1   10.55500                  10
               WASP-105              1   11.19200                   2
               WASP-119              1   11.54700                   6
               WASP-139              1   11.66400                   2
                WASP-53              1   11.69200                   1
                WASP-53              1   11.69200                   1
                 K2-208              1   11.77300                   1
                tau Cet              0    2.71200                   1
                tau Cet              0    2.71200                   1
                tau Cet              0    2.71200                   1
                tau Cet              0    2.71200                   1
               HD 27442              0    3.33400                   6
               HD 20794              0    3.64300                   2
               HD 20794              0    3.64300                   2
               HD 20794              0    3.64300                   2
               HD 20794              0    3.64300                   2
                 HR 810              0    4.90700                   2
               HD 10647              0    4.99900                   2
                HD 4732              0    5.14100                   1
                HD 4732              0    5.14100                   1
               HD 16417              0    5.17500                   1
                  GJ 86              0    5.17600                   2
                HR 2562              0    5.56500                  11
               HD 11964              0    5.73500                   1
               HD 11964              0    5.73500                   1
                HD 1461              0    5.91900                   1
                HD 1461              0    5.91900                   1
               HD 38283              0    6.14500                  12
               HD 40307              0    6.26600                  10
               HD 40307              0    6.26600                  10
               HD 40307              0    6.26600                  10
               HD 40307              0    6.26600                  10
               HD 40307              0    6.26600                  10
               HD 23079              0    6.55100                   2
               HIP 8541              0    6.85900                   2
                HD 7449              0    6.94200                   1
               HD 11506              0    6.99000                   1
               HD 11506              0    6.99000                   1
               HD 28254              0    7.02500                   3
                HD 6434              0    7.12400                   1
                HD 4208              0    7.14600                   1
                HD 8535              0    7.19600                   2
                HD 9174              0    7.73100                   1
               HD 30177              0    7.73500                   9
               HD 30177              0    7.73500                   9
                HD 6718              0    7.82600                   1
                HD 1690              0    7.90200                   1
               HD 23127              0    7.98500                   3
                 AB Pic              0    8.26500                  12
               HD 63454              0    8.38760                   5
               HD 27894              0    8.50800                   7
               HD 27894              0    8.50800                   7
               HD 27894              0    8.50800                   7
               HD 68402              0    8.51400                   5
                HD 2638              0    8.58200                   1
                 YZ Cet              0    9.07000                   1
                 YZ Cet              0    9.07000                   1
                 YZ Cet              0    9.07000                   1
               HIP 5158              0    9.10108                   1
               HIP 5158              0    9.10108                   1
                GJ 3138              0    9.20600                   1
                GJ 3138              0    9.20600                   1
                GJ 3138              0    9.20600                   1
                 GJ 163              0    9.46700                   3
                 GJ 163              0    9.46700                   3
                 GJ 163              0    9.46700                   3
2MASS J01225093-2439505              0   11.58300                   1
                 RR Cae              0   12.53000                   3
2MASS J02192210-3925225              0   13.49200                   1

 saved ../results/kane_knownplanets_sector2.csv

500 most-observed knownplanet from Stephen Kane's list in South:

pl_hostname  is_transiting       Tmag  total_sectors_obsd
                WASP-100              1   10.30700                  12
                 WASP-62              1    9.71600                  10
                WASP-126              1   10.55500                  10
                WASP-119              1   11.54700                   6
                 KELT-15              1   10.66700                   3
                 WASP-18              1    8.83300                   2
                WASP-117              1    9.63200                   2
                 WASP-79              1    9.67500                   2
                WASP-121              1   10.03800                   2
                WASP-140              1   10.26100                   2
                 WASP-63              1   10.41700                   2
                 WASP-72              1   10.45200                   2
                WASP-120              1   10.55100                   2
                WASP-105              1   11.19200                   2
                 HATS-30              1   11.63200                   2
                WASP-139              1   11.66400                   2
                 HATS-51              1   11.81700                   2
                 WASP-64              1   11.98800                   2
                 HATS-43              1   12.77500                   2
                 HATS-46              1   12.98000                   2
                 HATS-34              1   13.12900                   2
                  NGTS-1              1   13.86200                   2
                 KELT-11              1    7.30900                   1
               HIP 41378              1    8.43900                   1
               HIP 41378              1    8.43900                   1
               HIP 41378              1    8.43900                   1
               HIP 41378              1    8.43900                   1
               HIP 41378              1    8.43900                   1
                 WASP-99              1    8.92300                   1
                  WASP-8              1    9.10900                   1
                  WASP-8              1    9.10900                   1
                 WASP-95              1    9.48000                   1
               WASP-77 A              1    9.50200                   1
                 WASP-82              1    9.51400                   1
               WASP-94 A              1    9.63900                   1
               KELT-19 A              1    9.64300                   1
                WASP-101              1    9.77600                   1
                 WASP-73              1    9.84800                   1
                HAT-P-30              1    9.91100                   1
                 WASP-97              1    9.95600                   1
                 WASP-84              1   10.00800                   1
                 WASP-71              1   10.14100                   1
                 WASP-29              1   10.19500                   1
                 WASP-20              1   10.21100                   1
                WASP-167              1   10.28800                   1
                 WASP-35              1   10.41000                   1
                WASP-130              1   10.46700                   1
                WASP-156              1   10.66100                   1
                 WASP-49              1   10.77000                   1
                  K2-223              1   10.77800                   1
                  K2-223              1   10.77800                   1
                  K2-132              1   10.94700                   1
                WASP-106              1   10.95500                   1
                 WASP-91              1   10.99100                   1
                 WASP-17              1   11.00000                   1
                 WASP-50              1   11.00800                   1
                 WASP-43              1   11.01600                   1
                WASP-132              1   11.05100                   1
                 WASP-22              1   11.16400                   1
                  K2-182              1   11.17300                   1
                 WASP-25              1   11.17400                   1
                 WASP-66              1   11.19400                   1
                   K2-77              1   11.20000                   1
                 WASP-65              1   11.24400                   1
                WASP-138              1   11.26300                   1
                HAT-P-50              1   11.27400                   1
                  K2-131              1   11.27400                   1
                 WASP-42              1   11.30100                   1
                WASP-129              1   11.30200                   1
                 WASP-55              1   11.30400                   1
                 WASP-31              1   11.39400                   1
                  WASP-6              1   11.40900                   1
                 WASP-45              1   11.43800                   1
                 WASP-83              1   11.44000                   1
                  K2-226              1   11.44000                   1
                  HATS-1              1   11.46000                   1
                  HATS-3              1   11.46400                   1
                  WASP-5              1   11.50200                   1
                 WASP-19              1   11.54500                   1
                   K2-97              1   11.55200                   1
                   K2-98              1   11.61000                   1
                 WASP-61              1   11.66800                   1
                   K2-80              1   11.66900                   1
                   K2-80              1   11.66900                   1
                   K2-80              1   11.66900                   1
                 WASP-23              1   11.68200                   1
                 HATS-17              1   11.68500                   1
                 WASP-53              1   11.69200                   1
                 WASP-53              1   11.69200                   1
                 WASP-78              1   11.76500                   1
                  K2-208              1   11.77300                   1
                  WASP-4              1   11.77800                   1
                  K2-180              1   11.81200                   1
                HAT-P-35              1   11.84500                   1
                  HATS-5              1   11.85200                   1
                 WASP-96              1   11.85700                   1
                  K2-249              1   11.89500                   1
                WASP-141              1   12.02000                   1
                  K2-252              1   12.02700                   1
                 HATS-24              1   12.21100                   1
                WASP-142              1   12.27600                   1
                 HATS-27              1   12.28100                   1
                 WASP-98              1   12.31500                   1
                  HATS-7              1   12.33700                   1
                 WASP-46              1   12.35200                   1
                 HATS-26              1   12.37100                   1
                 HATS-22              1   12.38900                   1
                 HATS-25              1   12.39900                   1
                 HATS-31              1   12.46500                   1
                  HATS-2              1   12.66900                   1
                  K2-115              1   12.68600                   1
                  HATS-4              1   12.69600                   1
                HAT-P-43              1   12.71200                   1
                  K2-117              1   12.71500                   1
                  K2-117              1   12.71500                   1
                  K2-248              1   12.73700                   1
                   K2-54              1   12.97400                   1
                 CoRoT-1              1   12.98900                   1
       CoRoTID 223977153              1   13.08500                   1
                 HATS-13              1   13.09600                   1
                CoRoT-19              1   13.09800                   1
                 CoRoT-4              1   13.11800                   1
                 HATS-14              1   13.18000                   1
                 HATS-16              1   13.19900                   1
                   K2-57              1   13.28200                   1
                 HATS-18              1   13.33900                   1
                 CoRoT-5              1   13.41800                   1
                  K2-114              1   13.59800                   1
                 HATS-32              1   13.68400                   1
                   K2-43              1   13.72200                   1
             OGLE2-TR-L9              1   14.06700                   1
                CoRoT-18              1   14.16500                   1
                CoRoT-13              1   14.34700                   1
                CoRoT-24              1   14.43500                   1
                CoRoT-24              1   14.43500                   1
             OGLE-TR-211              1   14.45600                   1
              OGLE-TR-10              1   14.72000                   1
                CoRoT-12              1   14.72500                   1
                CoRoT-14              1   15.11200                   1
             OGLE-TR-111              1   15.57600                   1
             OGLE-TR-132              1   15.90700                   1
             OGLE-TR-182              1   16.08800                   1
                  POTS-1              1   16.28400                   1
              Lupus-TR-3              1   17.42800                   1
                HD 38283              0    6.14500                  12
                  AB Pic              0    8.26500                  12
                 HR 2562              0    5.56500                  11
                HD 40307              0    6.26600                  10
                HD 40307              0    6.26600                  10
                HD 40307              0    6.26600                  10
                HD 40307              0    6.26600                  10
                HD 40307              0    6.26600                  10
                HD 65216              0    7.33100                   9
                HD 65216              0    7.33100                   9
                HD 30177              0    7.73500                   9
                HD 30177              0    7.73500                   9
             WD 0806-661              0   13.70700                   8
                HD 25171              0    7.25200                   7
                HD 27894              0    8.50800                   7
                HD 27894              0    8.50800                   7
                HD 27894              0    8.50800                   7
                HD 27442              0    3.33400                   6
                HD 39091              0    5.09700                   5
                HD 63454              0    8.38760                   5
                HD 68402              0    8.51400                   5
                 bet Pic              0    3.82000                   3
                HD 28254              0    7.02500                   3
                 Kapteyn              0    7.12100                   3
                HD 63765              0    7.39700                   3
                HD 48265              0    7.41200                   3
                HD 76700              0    7.49900                   3
              HD 41004 A              0    7.76800                   3
              HD 41004 B              0    7.76800                   3
                HD 23127              0    7.98500                   3
                  GJ 163              0    9.46700                   3
                  GJ 163              0    9.46700                   3
                  GJ 163              0    9.46700                   3
                  RR Cae              0   12.53000                   3
                HD 20794              0    3.64300                   2
                HD 20794              0    3.64300                   2
                HD 20794              0    3.64300                   2
                HD 20794              0    3.64300                   2
                HD 47536              0    4.27400                   2
                HD 11977              0    4.50400                   2
                  HR 810              0    4.90700                   2
                HD 10647              0    4.99900                   2
                   GJ 86              0    5.17600                   2
                 HD 4308              0    5.92300                   2
                HD 23079              0    6.55100                   2
               HD 100546              0    6.58500                   2
                HD 50499              0    6.65500                   2
                HD 10180              0    6.76100                   2
                HD 10180              0    6.76100                   2
                HD 10180              0    6.76100                   2
                HD 10180              0    6.76100                   2
                HD 10180              0    6.76100                   2
                HD 10180              0    6.76100                   2
                HD 76920              0    6.80400                   2
                HIP 8541              0    6.85900                   2
                HD 95086              0    7.15200                   2
                 HD 8535              0    7.19600                   2
                 HD 7199              0    7.30700                   2
                HD 83443              0    7.50500                   2
               HD 131664              0    7.52300                   2
                HD 27631              0    7.60800                   2
               HD 129445              0    8.12400                   2
                 HD 2039              0    8.43100                   2
            NGC 4349 127              0    9.25800                   2
               Fomalhaut              0    1.53700                   1
                 bet Cnc              0    2.34900                   1
                 tau Cet              0    2.71200                   1
                 tau Cet              0    2.71200                   1
                 tau Cet              0    2.71200                   1
                 tau Cet              0    2.71200                   1
                 eps Eri              0    3.21500                   1
                HD 66141              0    3.23700                   1
                HD 60532              0    4.12900                   1
                HD 60532              0    4.12900                   1
               HD 114613              0    4.27600                   1
               HD 102365              0    4.46700                   1
               HD 160691              0    4.70700                   1
               HD 160691              0    4.70700                   1
               HD 160691              0    4.70700                   1
               HD 160691              0    4.70700                   1
                  75 Cet              0    4.71800                   1
              HIP 105854              0    4.75300                   1
              HIP 107773              0    4.78600                   1
                  81 Cet              0    4.80100                   1
               HD 147513              0    4.95400                   1
                  51 Eri              0    5.02400                   1
                HD 30562              0    5.13100                   1
                 HD 4732              0    5.14100                   1
                 HD 4732              0    5.14100                   1
                  HD 142              0    5.16700                   1
                  HD 142              0    5.16700                   1
                HD 16417              0    5.17500                   1
                HD 47366              0    5.25800                   1
                HD 47366              0    5.25800                   1
               HD 219077              0    5.32300                   1
                  24 Sex              0    5.46700                   1
                  24 Sex              0    5.46700                   1
               HD 216435              0    5.54700                   1
                HD 38529              0    5.54700                   1
                HD 38529              0    5.54700                   1
                HD 69830              0    5.61700                   1
                HD 69830              0    5.61700                   1
                HD 69830              0    5.61700                   1
               HD 216437              0    5.62500                   1
                HD 52265              0    5.64400                   1
               HD 134987              0    5.68100                   1
               HD 134987              0    5.68100                   1
               HIP 65891              0    5.72600                   1
                HD 11964              0    5.73500                   1
                HD 11964              0    5.73500                   1
                HD 75289              0    5.82400                   1
               HIP 67537              0    5.86700                   1
               HIP 63242              0    5.87800                   1
                 HD 1461              0    5.91900                   1
                 HD 1461              0    5.91900                   1
                HD 82943              0    5.99400                   1
                HD 82943              0    5.99400                   1
               HIP 74890              0    6.08700                   1
               HD 114729              0    6.09000                   1
               HD 156411              0    6.13400                   1
                HD 16141              0    6.22100                   1
               HD 213240              0    6.23700                   1
                HD 42618              0    6.24500                   1
                HD 90156              0    6.26800                   1
                HD 33844              0    6.36100                   1
                HD 33844              0    6.36100                   1
                HD 85512              0    6.40529                   1
               HD 108147              0    6.48100                   1
                HD 86950              0    6.50700                   1
                HD 70642              0    6.52800                   1
               HD 222076              0    6.53700                   1
               HD 159868              0    6.54900                   1
               HD 159868              0    6.54900                   1
               HD 154857              0    6.55100                   1
               HD 154857              0    6.55100                   1
                HD 31253              0    6.57700                   1
               HD 117207              0    6.61000                   1
               HD 117618              0    6.61200                   1
                  GJ 832              0    6.68000                   1
                  GJ 832              0    6.68000                   1
               HD 103774              0    6.68800                   1
               HD 212771              0    6.75300                   1
               HD 142415              0    6.75800                   1
                HD 20782              0    6.76300                   1
               HD 102117              0    6.80700                   1
               HD 153950              0    6.82900                   1
               HD 106270              0    6.88300                   1
                HD 72659              0    6.88700                   1
               HD 111232              0    6.92300                   1
                HD 18742              0    6.93100                   1
                 HD 7449              0    6.94200                   1
               HIP 65426              0    6.94700                   1
               HD 208487              0    6.95500                   1
                HD 86264              0    6.96600                   1
               HD 104067              0    6.98300                   1
                HD 47186              0    6.98500                   1
                HD 47186              0    6.98500                   1
                HD 11506              0    6.99000                   1
                HD 11506              0    6.99000                   1
             HD 142022 A              0    7.00500                   1
               HD 121504              0    7.02000                   1
                HD 30856              0    7.02500                   1
                HD 44219              0    7.07400                   1
                HD 33142              0    7.09500                   1
                HD 74156              0    7.09700                   1
                HD 74156              0    7.09700                   1
                 HD 6434              0    7.12400                   1
                HD 46375              0    7.13800                   1
                 HD 4208              0    7.14600                   1
                  GJ 674              0    7.15200                   1
                HD 28185              0    7.15600                   1
                HD 98219              0    7.17100                   1
               HD 148156              0    7.17200                   1
               HD 220689              0    7.17600                   1
                 HD 4113              0    7.24400                   1
               HD 212301              0    7.25000                   1
                  GJ 273              0    7.30800                   1
                  GJ 273              0    7.30800                   1
               HD 221287              0    7.31300                   1
                HD 28678              0    7.32600                   1
               HD 128356              0    7.33000                   1
               HD 175167              0    7.33100                   1
                HD 73256              0    7.34200                   1
                HD 86226              0    7.35800                   1
             Proxima Cen              0    7.36000                   1
               HD 106906              0    7.36500                   1
                HD 45652              0    7.36500                   1
               HD 101930              0    7.37000                   1
               HD 204313              0    7.37600                   1
               HD 204313              0    7.37600                   1
                HD 45364              0    7.38100                   1
                HD 45364              0    7.38100                   1
                HD 98649              0    7.40600                   1
                HD 96063              0    7.40900                   1
                HD 93083              0    7.43000                   1
                HD 38801              0    7.47300                   1
                HD 96167              0    7.47900                   1
                HD 33283              0    7.49000                   1
                  GJ 876              0    7.50700                   1
                  GJ 876              0    7.50700                   1
                  GJ 876              0    7.50700                   1
                  GJ 876              0    7.50700                   1
               HD 147873              0    7.53000                   1
               HD 147873              0    7.53000                   1
               HD 154672              0    7.57800                   1
               HD 109749              0    7.59100                   1
               HD 147018              0    7.59500                   1
               HD 147018              0    7.59500                   1
                HD 12484              0    7.60500                   1
                HD 66428              0    7.62500                   1
               HD 224693              0    7.66100                   1
                HD 85390              0    7.72000                   1
                 HD 9174              0    7.73100                   1
               HD 100777              0    7.75000                   1
                  HD 564              0    7.75100                   1
               HD 114386              0    7.75608                   1
                  GJ 433              0    7.80200                   1
             HD 133131 B              0    7.81000                   1
                 HD 6718              0    7.82600                   1
             HD 133131 A              0    7.85000                   1
             HD 133131 A              0    7.85000                   1
                HD 77338              0    7.87700                   1
                GJ 676 A              0    7.88500                   1
                GJ 676 A              0    7.88500                   1
                GJ 676 A              0    7.88500                   1
                GJ 676 A              0    7.88500                   1
                 HD 1690              0    7.90200                   1
                HD 37605              0    7.92100                   1
                HD 37605              0    7.92100                   1
               HD 125595              0    7.94476                   1
               HD 162020              0    8.04100                   1
               HD 205739              0    8.04600                   1
               HD 215497              0    8.07300                   1
               HD 215497              0    8.07300                   1
                HD 70573              0    8.10000                   1
                HD 73267              0    8.13800                   1
               HD 207832              0    8.14900                   1
               HD 207832              0    8.14900                   1
                HD 86081              0    8.15900                   1
                HD 72892              0    8.17500                   1
              BD-06 1339              0    8.21060                   1
              BD-06 1339              0    8.21060                   1
                HD 43197              0    8.26400                   1
                HD 73526              0    8.30100                   1
                HD 73526              0    8.30100                   1
                HD 30669              0    8.38000                   1
               HD 166724              0    8.46609                   1
               HD 152079              0    8.55200                   1
                 HD 2638              0    8.58200                   1
               HD 165155              0    8.67400                   1
               HIP 12961              0    8.67496                   1
              BD-08 2823              0    8.79789                   1
              BD-08 2823              0    8.79789                   1
              BD-13 2130              0    8.89700                   1
                HD 20868              0    8.93881                   1
                  YZ Cet              0    9.07000                   1
                  YZ Cet              0    9.07000                   1
                  YZ Cet              0    9.07000                   1
                HD 95872              0    9.08500                   1
                HIP 5158              0    9.10108                   1
                HIP 5158              0    9.10108                   1
                 GJ 3138              0    9.20600                   1
                 GJ 3138              0    9.20600                   1
                 GJ 3138              0    9.20600                   1
              BD-10 3166              0    9.27800                   1
                  GJ 179              0    9.37400                   1
                 GJ 3323              0    9.45300                   1
                 GJ 3323              0    9.45300                   1
                 GJ 3323              0    9.46600                   1
                 GJ 3323              0    9.46600                   1
                  GJ 317              0    9.59900                   1
                 GJ 3634              0    9.66300                   1
                 GJ 3341              0    9.91600                   1
               WASP-94 B              0    9.99100                   1
                  GQ Lup              0   10.04600                   1
                 GJ 3293              0   10.12200                   1
                 GJ 3293              0   10.12200                   1
                 GJ 3293              0   10.12200                   1
                 GJ 3293              0   10.12200                   1
                 WASP-41              0   10.72600                   1
                 WASP-41              0   10.72600                   1
                  CT Cha              0   10.79900                   1
                 GJ 1132              0   10.93800                   1
                 GJ 1132              0   10.93800                   1
                 CoRoT-7              0   10.95300                   1
                 CoRoT-7              0   10.95300                   1
 2MASS J01225093-2439505              0   11.58300                   1
 VHS J125601.92-125723.9              0   13.34600                   1
 2MASS J02192210-3925225              0   13.49200                   1
      OGLE-2008-BLG-092L              0   13.74700                   1
                CoRoT-20              0   13.77800                   1
                CoRoT-20              0   13.77800                   1
       MOA-2008-BLG-379L              0   13.95900                   1
                 CHXR 73              0   14.42400                   1
       MOA-2010-BLG-328L              0   14.87000                   1
     OGLE-2012-BLG-0406L              0   15.12900                   1
DENIS-P J082303.1-491201              0   15.29700                   1
 2MASS J12073346-3932539              0   15.66200                   1
      OGLE-2007-BLG-368L              0   15.85500                   1
       MOA-2010-BLG-477L              0   15.86200                   1
       MOA-2008-BLG-310L              0   15.88000                   1
     OGLE-2014-BLG-0676L              0   16.00500                   1
                  UZ For              0   16.31100                   1
                  UZ For              0   16.31100                   1
       MOA-2009-BLG-266L              0   16.82900                   1
                GJ 667 C              0   18.45900                   1
                GJ 667 C              0   18.45900                   1
                GJ 667 C              0   18.45900                   1
                GJ 667 C              0   18.45900                   1
                GJ 667 C              0   18.45900                   1

**************************************************
