
**************************************************
All knownplanet from TIC7.1 in sector 2:

pl_hostname  is_transiting   PRIORITY    TESSMAG     RADIUS  total_sectors_obsd
                WASP-62              1   0.006540    9.71600       1.28                  10
               WASP-126              1   0.004181   10.55500       1.27                  10
                WASP-18              1   0.003591    8.83300       1.23                   2
               WASP-117              1   0.002976    9.63200       1.17                   2
                WASP-99              1   0.002319    8.92300       1.76                   1
               WASP-119              1   0.001671   11.54700       1.20                   6
               WASP-105              1   0.001518   11.19200       0.90                   2
               WASP-139              1   0.001343   11.66400       0.80                   2
                WASP-53              1   0.000955   11.69200       0.80                   1
                WASP-72              1   0.000664   10.45200       1.98                   2
               WASP-100              1   0.000000   10.30700        NaN                  12
               HD 68402              0   0.012928    8.51400       1.02                   5
               HD 63454              0   0.012279    8.38760       1.05                   5
                HD 7449              0   0.006592    6.94200       1.01                   1
               HD 28254              0   0.006490    7.02500       1.48                   3
                HD 6434              0   0.006135    7.12400       1.14                   1
                HD 8535              0   0.005922    7.19600       1.19                   2
                HD 6718              0   0.005326    7.82600       1.02                   1
               HD 11506              0   0.004606    6.99000       1.33                   1
                HD 9174              0   0.002758    7.73100       1.67                   1
2MASS J02192210-3925225              0   0.001810   13.49200       0.28                   1
               HIP 8541              0   0.000434    6.85900       7.83                   2
                HD 1690              0   0.000077    7.90200      16.70                   1
               HD 38283              0   0.000000    6.14500        NaN                  12
               HD 40307              0   0.000000    6.26600        NaN                  10
               HD 23079              0   0.000000    6.55100        NaN                   2
                HD 4208              0   0.000000    7.14600        NaN                   1
               HD 30177              0   0.000000    7.73500        NaN                   9
               HD 23127              0   0.000000    7.98500        NaN                   3
                 AB Pic              0   0.000000    8.26500        NaN                  12
               HD 27894              0   0.000000    8.50800        NaN                   7
                HD 2638              0   0.000000    8.58200        NaN                   1
               HIP 5158              0   0.000000    9.10108        NaN                   1

500 most-observed knownplanet from TIC7.1 in South:

pl_hostname  is_transiting     PRIORITY      TESSMAG       RADIUS  total_sectors_obsd
                WASP-100              1     0.000000     10.30700          NaN                  12
                 WASP-62              1     0.006540      9.71600         1.28                  10
                WASP-126              1     0.004181     10.55500         1.27                  10
                WASP-119              1     0.001671     11.54700         1.20                   6
                 KELT-15              1     0.001401     10.66700         1.48                   3
                 WASP-18              1     0.003591      8.83300         1.23                   2
                WASP-117              1     0.002976      9.63200         1.17                   2
                WASP-140              1     0.002378     10.26100         0.87                   2
                 WASP-79              1     0.001730      9.67500         1.53                   2
                WASP-121              1     0.001668     10.03800         1.46                   2
                WASP-105              1     0.001518     11.19200         0.90                   2
                WASP-139              1     0.001343     11.66400         0.80                   2
                 WASP-63              1     0.000955     10.41700         1.88                   2
                WASP-120              1     0.000929     10.55100         1.87                   2
                 WASP-72              1     0.000664     10.45200         1.98                   2
                 HATS-30              1     0.000635     11.63200         1.06                   2
                 WASP-64              1     0.000567     11.98800         1.06                   2
                  NGTS-1              1     0.000544     13.86200         0.57                   2
                 HATS-34              1     0.000402     13.12900         0.98                   2
                  WASP-8              1     0.003905      9.10900         0.94                   1
                 WASP-84              1     0.002960     10.00800         0.75                   1
               WASP-77 A              1     0.002955      9.50200         0.95                   1
                 WASP-97              1     0.002824      9.95600         1.06                   1
                 WASP-29              1     0.002739     10.19500         0.81                   1
               HIP 41378              1     0.002620      8.43900         1.40                   1
                 WASP-95              1     0.002562      9.48000         1.13                   1
                 WASP-99              1     0.002319      8.92300         1.76                   1
                 WASP-43              1     0.002094     11.01600         0.60                   1
                 WASP-91              1     0.002001     10.99100         0.86                   1
                WASP-101              1     0.001969      9.77600         1.29                   1
                WASP-156              1     0.001764     10.66100         0.76                   1
                WASP-130              1     0.001696     10.46700         0.96                   1
                 WASP-23              1     0.001677     11.68200         0.77                   1
                WASP-132              1     0.001642     11.05100         0.74                   1
                HAT-P-30              1     0.001501      9.91100         1.22                   1
                 WASP-49              1     0.001464     10.77000         0.98                   1
                 WASP-35              1     0.001434     10.41000         1.09                   1
                 KELT-11              1     0.001403      7.30900         2.72                   1
                 WASP-50              1     0.001357     11.00800         0.84                   1
                   K2-77              1     0.001149     11.20000         0.76                   1
                WASP-129              1     0.001128     11.30200         0.90                   1
                   K2-54              1     0.001102     12.97400         0.38                   1
                 WASP-20              1     0.001096     10.21100         1.39                   1
                 WASP-42              1     0.001082     11.30100         0.89                   1
               WASP-94 A              1     0.001037      9.63900         1.62                   1
                  K2-131              1     0.000999     11.27400         0.81                   1
                 WASP-19              1     0.000995     11.54500         1.00                   1
                 WASP-25              1     0.000988     11.17400         0.92                   1
                 WASP-98              1     0.000981     12.31500         0.74                   1
                 WASP-53              1     0.000955     11.69200         0.80                   1
                 WASP-45              1     0.000951     11.43800         0.92                   1
                  K2-117              1     0.000947     12.71500         0.49                   1
                  WASP-6              1     0.000894     11.40900         0.86                   1
                 WASP-73              1     0.000865      9.84800         2.07                   1
                  HATS-5              1     0.000859     11.85200         0.87                   1
                 WASP-82              1     0.000842      9.51400         2.18                   1
                  WASP-5              1     0.000787     11.50200         1.03                   1
                 WASP-22              1     0.000779     11.16400         1.25                   1
                 HATS-22              1     0.000776     12.38900         0.69                   1
                  WASP-4              1     0.000761     11.77800         0.92                   1
                 WASP-65              1     0.000739     11.24400         1.01                   1
                  HATS-1              1     0.000694     11.46000         1.04                   1
                WASP-167              1     0.000689     10.28800         1.79                   1
                   K2-80              1     0.000668     11.66900         0.87                   1
                 WASP-96              1     0.000650     11.85700         1.05                   1
                 HATS-17              1     0.000639     11.68500         1.09                   1
                 WASP-83              1     0.000634     11.44000         1.05                   1
                 WASP-55              1     0.000612     11.30400         1.10                   1
                 WASP-46              1     0.000611     12.35200         0.86                   1
                WASP-106              1     0.000573     10.95500         1.39                   1
                 WASP-31              1     0.000543     11.39400         1.25                   1
                 WASP-61              1     0.000537     11.66800         1.36                   1
                  HATS-4              1     0.000533     12.69600         0.93                   1
                 WASP-71              1     0.000499     10.14100         2.26                   1
                WASP-138              1     0.000498     11.26300         1.36                   1
                 WASP-66              1     0.000454     11.19400         1.75                   1
                 WASP-17              1     0.000450     11.00000         1.57                   1
                  HATS-2              1     0.000442     12.66900         0.90                   1
                   K2-57              1     0.000420     13.28200         0.62                   1
                 HATS-24              1     0.000402     12.21100         1.17                   1
                  K2-115              1     0.000398     12.68600         0.88                   1
                   K2-98              1     0.000380     11.61000         1.31                   1
                  HATS-3              1     0.000377     11.46400         1.40                   1
                WASP-141              1     0.000373     12.02000         1.37                   1
       CoRoTID 223977153              1     0.000366     13.08500         0.79                   1
                 WASP-78              1     0.000364     11.76500         1.60                   1
                HAT-P-50              1     0.000330     11.27400         1.70                   1
                 HATS-25              1     0.000318     12.39900         1.11                   1
                   K2-43              1     0.000317     13.72200         0.59                   1
                HAT-P-35              1     0.000301     11.84500         1.44                   1
                 HATS-13              1     0.000291     13.09600         0.89                   1
                HAT-P-43              1     0.000286     12.71200         1.10                   1
                 HATS-14              1     0.000252     13.18000         0.93                   1
                 CoRoT-1              1     0.000250     12.98900         1.11                   1
                WASP-142              1     0.000235     12.27600         1.64                   1
                 HATS-18              1     0.000233     13.33900         1.02                   1
                 CoRoT-4              1     0.000215     13.11800         1.17                   1
                  K2-114              1     0.000208     13.59800         0.83                   1
                 HATS-27              1     0.000206     12.28100         1.74                   1
                 HATS-16              1     0.000191     13.19900         1.24                   1
                 HATS-26              1     0.000170     12.37100         2.04                   1
                 CoRoT-5              1     0.000161     13.41800         1.19                   1
                 HATS-31              1     0.000150     12.46500         1.87                   1
                 HATS-32              1     0.000136     13.68400         1.10                   1
                CoRoT-19              1     0.000130     13.09800         1.65                   1
                  K2-132              1     0.000122     10.94700         3.85                   1
                CoRoT-24              1     0.000116     14.43500         0.86                   1
                CoRoT-18              1     0.000113     14.16500         1.00                   1
                CoRoT-13              1     0.000098     14.34700         1.01                   1
             OGLE2-TR-L9              1     0.000090     14.06700         1.53                   1
                   K2-97              1     0.000069     11.55200         4.20                   1
             OGLE-TR-211              1     0.000065     14.45600         1.64                   1
                CoRoT-12              1     0.000059     14.72500         1.12                   1
                  POTS-1              1     0.000050     16.28400         0.59                   1
             OGLE-TR-111              1     0.000046     15.57600         0.83                   1
                CoRoT-14              1     0.000039     15.11200         1.21                   1
              OGLE-TR-10              1     0.000036     14.72000         1.17                   1
             OGLE-TR-132              1     0.000024     15.90700         1.32                   1
             OGLE-TR-182              1     0.000017     16.08800         1.14                   1
              Lupus-TR-3              1     0.000008     17.42800         0.82                   1
                HD 38283              0     0.000000      6.14500          NaN                  12
                  AB Pic              0     0.000000      8.26500          NaN                  12
                HD 40307              0     0.000000      6.26600          NaN                  10
                HD 65216              0     0.000000      7.33100          NaN                   9
                HD 30177              0     0.000000      7.73500          NaN                   9
             WD 0806-661              0     0.000000     13.70700          NaN                   8
                HD 25171              0     0.016233      7.25200         1.18                   7
                HD 27894              0     0.000000      8.50800          NaN                   7
                HD 68402              0     0.012928      8.51400         1.02                   5
                HD 63454              0     0.012279      8.38760         1.05                   5
                HD 28254              0     0.006490      7.02500         1.48                   3
                HD 48265              0     0.003850      7.41200         2.05                   3
                HD 63765              0     0.000000      7.39700          NaN                   3
                HD 76700              0     0.000000      7.49900          NaN                   3
              HD 41004 A              0     0.000000      7.76800          NaN                   3
                HD 23127              0     0.000000      7.98500          NaN                   3
                 HD 7199              0     0.010042      7.30700         0.96                   2
                HD 27631              0     0.008700      7.60800         1.00                   2
               HD 131664              0     0.006330      7.52300         1.16                   2
                 HD 8535              0     0.005922      7.19600         1.19                   2
                HD 76920              0     0.000669      6.80400         7.47                   2
                HIP 8541              0     0.000434      6.85900         7.83                   2
                HD 23079              0     0.000000      6.55100          NaN                   2
               HD 100546              0     0.000000      6.58500          NaN                   2
                HD 50499              0     0.000000      6.65500          NaN                   2
                HD 95086              0     0.000000      7.15200          NaN                   2
                HD 83443              0     0.000000      7.50500          NaN                   2
               HD 129445              0     0.000000      8.12400          NaN                   2
                 HD 2039              0     0.000000      8.43100          NaN                   2
            NGC 4349 127              0     0.000000      9.25800          NaN                   2
                  24 Sex              0     1.000000      5.46700         4.90                   1
                HD 82943              0     1.000000      5.99400          NaN                   1
                HD 73256              0     0.008959      7.34200         0.89                   1
               HD 128356              0     0.007865      7.33000         0.85                   1
                HD 77338              0     0.007500      7.87700         0.88                   1
                HD 42618              0     0.007417      6.24500         1.00                   1
                HD 20782              0     0.007242      6.76300         1.09                   1
                HD 30669              0     0.006742      8.38000         0.91                   1
                  HD 564              0     0.006701      7.75100         1.01                   1
                HD 20868              0     0.006612      8.93881         0.79                   1
                 HD 7449              0     0.006592      6.94200         1.01                   1
                HD 86226              0     0.006580      7.35800         1.02                   1
                HD 43197              0     0.006443      8.26400         1.00                   1
                HD 98649              0     0.006402      7.40600         1.00                   1
                HD 37605              0     0.006310      7.92100         0.90                   1
                 HD 6434              0     0.006135      7.12400         1.14                   1
                HD 73267              0     0.005991      8.13800         1.04                   1
               HD 220689              0     0.005839      7.17600         1.07                   1
               HD 207832              0     0.005766      8.14900         0.90                   1
                HD 33283              0     0.005722      7.49000         1.20                   1
                 HD 6718              0     0.005326      7.82600         1.02                   1
               HD 148156              0     0.005007      7.17200         1.21                   1
                HD 44219              0     0.004701      7.07400         1.32                   1
                HD 11506              0     0.004606      6.99000         1.33                   1
               HD 109749              0     0.004496      7.59100         1.24                   1
               HD 153950              0     0.004478      6.82900         1.34                   1
                HD 72659              0     0.004363      6.88700         1.36                   1
               HD 165155              0     0.003924      8.67400         0.95                   1
                HD 72892              0     0.003854      8.17500         1.22                   1
                HD 86081              0     0.003672      8.15900         1.22                   1
               HD 154672              0     0.003624      7.57800         1.44                   1
               HD 152079              0     0.003555      8.55200         1.15                   1
               HD 205739              0     0.003365      8.04600         1.33                   1
               HD 154857              0     0.003302      6.55100         1.76                   1
               HIP 65426              0     0.003194      6.94700         1.77                   1
                HD 31253              0     0.003146      6.57700         1.71                   1
                 HD 9174              0     0.002758      7.73100         1.67                   1
               HD 224693              0     0.002660      7.66100         1.70                   1
               HD 156411              0     0.002440      6.13400         2.16                   1
                HD 96167              0     0.002379      7.47900         1.86                   1
 2MASS J02192210-3925225              0     0.001810     13.49200         0.28                   1
               HD 147873              0     0.001701      7.53000         2.29                   1
               HD 106270              0     0.001689      6.88300         2.50                   1
                HD 38801              0     0.001622      7.47300         2.53                   1
                 WASP-41              0     0.001550     10.72600         0.87                   1
                 CoRoT-7              0     0.001390     10.95300         0.82                   1
               HD 222076              0     0.001201      6.53700         4.10                   1
               WASP-94 B              0     0.001006      9.99100         1.35                   1
                HD 30856              0     0.000929      7.02500         4.20                   1
                HD 33142              0     0.000843      7.09500         4.20                   1
                HD 98219              0     0.000707      7.17100         4.50                   1
                HD 18742              0     0.000685      6.93100         4.90                   1
                HD 33844              0     0.000665      6.36100         5.29                   1
                HD 96063              0     0.000631      7.40900         4.50                   1
               HD 212771              0     0.000609      6.75300         5.00                   1
               HIP 74890              0     0.000555      6.08700         5.77                   1
                HD 28678              0     0.000408      7.32600         6.20                   1
                HD 86950              0     0.000288      6.50700         8.80                   1
                CoRoT-20              0     0.000153     13.77800         1.02                   1
                 HD 1690              0     0.000077      7.90200        16.70                   1
               HD 114729              0     0.000000      6.09000          NaN                   1
                HD 16141              0     0.000000      6.22100          NaN                   1
               HD 213240              0     0.000000      6.23700          NaN                   1
                HD 90156              0     0.000000      6.26800          NaN                   1
                HD 85512              0     0.000000      6.40529          NaN                   1
               HD 108147              0     0.000000      6.48100          NaN                   1
                HD 70642              0     0.000000      6.52800          NaN                   1
               HD 159868              0     0.000000      6.54900          NaN                   1
               HD 117207              0     0.000000      6.61000          NaN                   1
               HD 117618              0     0.000000      6.61200          NaN                   1
               HD 103774              0     0.000000      6.68800          NaN                   1
               HD 142415              0     0.000000      6.75800          NaN                   1
               HD 102117              0     0.000000      6.80700          NaN                   1
               HD 111232              0     0.000000      6.92300          NaN                   1
               HD 208487              0     0.000000      6.95500          NaN                   1
                HD 86264              0     0.000000      6.96600          NaN                   1
               HD 104067              0     0.000000      6.98300          NaN                   1
                HD 47186              0     0.000000      6.98500          NaN                   1
             HD 142022 A              0     0.000000      7.00500          NaN                   1
               HD 121504              0     0.000000      7.02000          NaN                   1
                HD 74156              0     0.000000      7.09700          NaN                   1
                HD 46375              0     0.000000      7.13800          NaN                   1
                 HD 4208              0     0.000000      7.14600          NaN                   1
                HD 28185              0     0.000000      7.15600          NaN                   1
                 HD 4113              0     0.000000      7.24400          NaN                   1
               HD 212301              0     0.000000      7.25000          NaN                   1
               HD 221287              0     0.000000      7.31300          NaN                   1
               HD 175167              0     0.000000      7.33100          NaN                   1
                HD 45652              0     0.000000      7.36500          NaN                   1
               HD 106906              0     0.000000      7.36500          NaN                   1
               HD 101930              0     0.000000      7.37000          NaN                   1
               HD 204313              0     0.000000      7.37600          NaN                   1
                HD 45364              0     0.000000      7.38100          NaN                   1
                HD 93083              0     0.000000      7.43000          NaN                   1
               HD 147018              0     0.000000      7.59500          NaN                   1
                HD 12484              0     0.000000      7.60500          NaN                   1
                HD 66428              0     0.000000      7.62500          NaN                   1
                HD 85390              0     0.000000      7.72000          NaN                   1
               HD 100777              0     0.000000      7.75000          NaN                   1
               HD 114386              0     0.000000      7.75608          NaN                   1
             HD 133131 B              0     0.000000      7.81000          NaN                   1
             HD 133131 A              0     0.000000      7.85000          NaN                   1
               HD 125595              0     0.000000      7.94476          NaN                   1
               HD 162020              0     0.000000      8.04100          NaN                   1
                HD 70573              0     0.000000      8.10000          NaN                   1
              BD-06 1339              0     0.000000      8.21060          NaN                   1
                HD 73526              0     0.000000      8.30100          NaN                   1
               HD 166724              0     0.000000      8.46609          NaN                   1
                 HD 2638              0     0.000000      8.58200          NaN                   1
               HIP 12961              0     0.000000      8.67496          NaN                   1
              BD-08 2823              0     0.000000      8.79789          NaN                   1
              BD-13 2130              0     0.000000      8.89700          NaN                   1
                HD 95872              0     0.000000      9.08500          NaN                   1
                HIP 5158              0     0.000000      9.10108          NaN                   1
              BD-10 3166              0     0.000000      9.27800          NaN                   1
                  GQ Lup              0     0.000000     10.04600          NaN                   1
                  CT Cha              0     0.000000     10.79900          NaN                   1
      OGLE-2008-BLG-092L              0     0.000000     13.74700          NaN                   1
       MOA-2008-BLG-379L              0     0.000000     13.95900          NaN                   1
                 CHXR 73              0     0.000000     14.42400          NaN                   1
       MOA-2010-BLG-328L              0     0.000000     14.87000          NaN                   1
     OGLE-2012-BLG-0406L              0     0.000000     15.12900          NaN                   1
DENIS-P J082303.1-491201              0     0.000000     15.29700          NaN                   1
 2MASS J12073346-3932539              0     0.000000     15.66200          NaN                   1
      OGLE-2007-BLG-368L              0     0.000000     15.85500          NaN                   1
       MOA-2010-BLG-477L              0     0.000000     15.86200          NaN                   1
       MOA-2008-BLG-310L              0     0.000000     15.88000          NaN                   1
     OGLE-2014-BLG-0676L              0     0.000000     16.00500          NaN                   1
                  UZ For              0     0.000000     16.31100          NaN                   1
       MOA-2009-BLG-266L              0     0.000000     16.82900          NaN                   1
                GJ 667 C              0     0.000000     18.45900          NaN                   1

**************************************************
